1 3 1 1_002.wav
1 3 2 1_003.wav
1 3 3 1_004.wav
1 3 6 1_023.wav
1 4 1 1_005.wav
1 4 2 1_006.wav
1 4 3 1_007.wav
1 4 6 1_020.wav
1 4 7 1_021.wav
1 4 8 1_022.wav
1 5 1 1_008.wav
1 5 2 1_009.wav
1 5 3 1_010.wav
1 5 6 1_017.wav
1 5 7 1_018.wav
1 5 8 1_019.wav
1 6 1 1_011.wav
1 6 2 1_012.wav
1 6 3 1_013.wav
1 6 6 1_014.wav
1 6 7 1_015.wav
1 6 8 1_016.wav

2 1 4 1_058.wav
2 1 6 1_054.wav
2 1 8 1_035.wav
2 2 1 1_060.wav
2 2 5 1_057.wav
2 2 6 1_053.wav
2 2 7 1_047.wav
2 2 7 1_048.wav
2 2 8 1_046.wav
2 3 5 1_056.wav
2 3 6 1_052.wav
2 3 7 1_049.wav
2 3 8 1_045.wav
2 4 3 1_059.wav
2 4 5 1_037.wav
2 4 5 1_055.wav
2 4 6 1_050.wav
2 4 7 1_041.wav
2 4 8 1_043.wav
2 5 5 1_039.wav
2 5 6 1_044.wav
2 5 7 1_042.wav
2 5 8 1_038.wav
2 6 5 1_040.wav
2 6 6 1_036.wav
2 6 7 1_034.wav
2 6 8 1_033.wav
2 7 5 1_027.wav
2 7 6 1_026.wav
2 7 7 1_025.wav
2 7 8 1_028.wav
2 8 5 1_031.wav
2 8 6 1_030.wav
2 8 6 1_032.wav
2 8 7 1_029.wav
2 8 8 1_024.wav
2 8 8 1_051.wav

3 1 1 1_099.wav
3 1 1 1_102.wav
3 1 2 1_096.wav
3 1 3 1_095.wav
3 1 3 1_098.wav
3 1 4 1_094.wav
3 1 4 1_097.wav
3 1 5 1_092.wav
3 1 6 1_085.wav
3 1 6 1_086.wav
3 1 7 1_084.wav
3 1 8 1_089.wav
3 2 1 1_100.wav
3 2 1 1_101.wav
3 2 1 1_103.wav
3 2 2 1_106.wav
3 2 2 1_108.wav
3 2 3 1_105.wav
3 2 3 1_107.wav
3 2 4 1_104.wav
3 2 5 1_090.wav
3 2 6 1_088.wav
3 2 7 1_087.wav
3 2 8 1_091.wav
3 2 8 1_093.wav
3 3 1 1_113.wav
3 3 1 1_115.wav
3 3 1 1_121.wav
3 3 1 1_123.wav
3 3 2 1_112.wav
3 3 2 1_120.wav
3 3 3 1_111.wav
3 3 3 1_119.wav
3 3 4 1_110.wav
3 3 4 1_117.wav
3 3 4 1_118.wav
3 3 5 1_082.wav
3 3 6 1_081.wav
3 3 7 1_080.wav
3 3 8 1_079.wav
3 4 1 1_114.wav
3 4 1 1_116.wav
3 4 1 1_122.wav
3 4 1 1_124.wav
3 4 2 1_109.wav
3 4 5 1_083.wav
3 4 6 1_076.wav
3 4 6 1_078.wav
3 4 7 1_075.wav
3 4 7 1_077.wav
3 4 8 1_074.wav
3 5 1 1_125.wav
3 5 5 1_072.wav
3 5 6 1_071.wav
3 5 7 1_070.wav
3 6 1 1_126.wav
3 6 5 1_069.wav
3 6 6 1_068.wav
3 6 7 1_067.wav
3 7 1 1_127.wav
3 7 5 1_063.wav
3 7 6 1_062.wav
3 7 7 1_061.wav
3 8 1 beat_2.wav
3 8 5 1_073.wav
3 8 6 1_065.wav
3 8 7 1_064.wav
3 8 8 1_066.wav

4 1 1 1_148.wav
4 1 2 1_149.wav
4 1 3 1_150.wav
4 1 4 1_153.wav
4 1 8 1_136.wav
4 2 1 1_158.wav
4 2 2 1_157.wav
4 2 3 1_151.wav
4 2 4 1_154.wav
4 2 4 1_156.wav
4 2 5 1_152.wav
4 2 7 1_137.wav
4 3 1 1_159.wav
4 3 2 1_164.wav
4 3 3 1_165.wav
4 3 4 1_155.wav
4 3 8 1_138.wav
4 4 1 1_160.wav
4 4 2 1_163.wav
4 4 3 1_166.wav
4 5 1 1_161.wav
4 5 2 1_162.wav
4 5 3 1_167.wav
4 6 7 1_145.wav
4 6 8 1_146.wav
4 7 1 1_147.wav
4 7 4 1_142.wav
4 7 5 1_141.wav
4 7 5 1_143.wav
4 7 6 1_140.wav
4 7 7 1_139.wav
4 7 8 1_135.wav
4 8 2 1_128.wav
4 8 3 1_129.wav
4 8 4 1_130.wav
4 8 5 1_131.wav
4 8 5 1_133.wav
4 8 6 1_132.wav
4 8 7 1_144.wav
4 8 8 1_134.wav

5 1 2 1_177.wav
5 1 3 1_176.wav
5 1 4 1_175.wav
5 1 5 1_174.wav
5 1 6 1_173.wav
5 1 7 1_172.wav
5 2 2 1_187.wav
5 2 3 1_186.wav
5 2 4 1_185.wav
5 2 5 1_184.wav
5 2 6 1_183.wav
5 2 7 1_182.wav
5 3 2 1_197.wav
5 3 3 1_196.wav
5 3 4 1_195.wav
5 3 5 1_194.wav
5 3 6 1_193.wav
5 3 7 1_192.wav
5 4 4 1_390.wav
5 4 4 1_391.wav
5 4 4 1_392.wav
5 4 5 1_204.wav
5 4 5 1_205.wav
5 4 5 1_206.wav
5 4 5 1_207.wav
5 4 5 1_208.wav
5 4 5 1_209.wav
5 4 5 1_210.wav
5 5 4 1_386.wav
5 5 4 1_387.wav
5 5 4 1_388.wav
5 5 4 1_389.wav
5 5 5 1_201.wav
5 5 6 1_191.wav
5 5 7 1_181.wav
5 5 8 1_171.wav
5 6 5 1_200.wav
5 6 6 1_190.wav
5 6 7 1_180.wav
5 6 8 1_170.wav
5 7 4 1_203.wav
5 7 5 1_199.wav
5 7 6 1_189.wav
5 7 7 1_179.wav
5 7 8 1_169.wav
5 8 4 1_202.wav
5 8 5 1_198.wav
5 8 6 1_188.wav
5 8 7 1_178.wav
5 8 8 1_168.wav

6 1 1 1_231.wav
6 1 2 1_236.wav
6 1 3 1_237.wav
6 1 4 1_238.wav
6 2 1 1_232.wav
6 2 2 1_233.wav
6 2 2 1_235.wav
6 2 3 1_234.wav
6 2 4 1_239.wav
6 2 4 1_241.wav
6 2 7 1_228.wav
6 2 7 1_230.wav
6 3 4 1_240.wav
6 3 6 1_229.wav
6 4 4 1_242.wav
6 4 5 1_243.wav
6 4 5 1_245.wav
6 4 6 1_244.wav
6 4 6 1_246.wav
6 4 7 1_247.wav
6 4 7 1_248.wav
6 4 7 1_249.wav
6 4 7 1_250.wav
6 4 7 1_251.wav
6 4 7 1_252.wav
6 4 7 1_253.wav
6 4 7 1_254.wav
6 5 5 1_258.wav
6 5 6 1_256.wav
6 5 6 1_257.wav
6 5 7 1_255.wav
6 6 2 1_226.wav
6 6 2 1_227.wav
6 7 2 1_225.wav
6 7 4 1_219.wav
6 7 5 1_220.wav
6 7 6 1_221.wav
6 7 7 1_222.wav
6 7 7 1_223.wav
6 7 7 1_224.wav
6 8 2 1_211.wav
6 8 3 1_212.wav
6 8 4 1_213.wav
6 8 5 1_214.wav
6 8 6 1_215.wav
6 8 7 1_216.wav
6 8 7 1_218.wav
6 8 8 1_217.wav

