1 8 8 1_01.wav
1 8 7 1_02.wav
1 7 8 1_03.wav
1 8 6 1_04.wav
1 6 8 1_05.wav
1 7 7 1_06.wav
1 8 5 1_07.wav
1 5 8 1_08.wav
1 7 6 1_09.wav
1 6 7 1_10.wav
1 8 4 1_11.wav
1 4 8 1_12.wav
1 7 5 1_13.wav
1 5 7 1_14.wav
1 6 6 1_15.wav
1 8 3 1_16.wav
1 7 4 1_17.wav
1 6 5 1_18.wav
1 5 6 1_19.wav
1 4 7 1_20.wav
1 3 8 1_21.wav


1 1 1 1_22.wav
1 1 2 1_23.wav
1 2 1 1_24.wav
1 1 3 1_25.wav
1 3 1 1_26.wav
1 2 2 1_27.wav
1 4 1 1_28.wav
1 1 4 1_29.wav
1 3 2 1_30.wav
1 2 3 1_31.wav
1 1 5 1_32.wav
1 2 4 1_33.wav
1 3 3 1_34.wav
1 4 2 1_35.wav
1 5 1 1_36.wav
1 6 1 1_37.wav
1 5 2 1_38.wav
1 4 3 1_39.wav
1 3 4 1_40.wav
1 2 5 1_41.wav
1 1 6 1_42.wav


1 7 1 1_43.wav
1 8 2 1_44.wav
1 1 7 1_45.wav
1 2 8 1_46.wav
1 6 2 1_47.wav
1 7 3 1_48.wav
1 2 6 1_49.wav
1 3 7 1_50.wav
1 5 3 1_51.wav
1 6 4 1_52.wav
1 3 5 1_53.wav
1 4 6 1_54.wav
1 5 5 1_55.wav
1 4 4 1_56.wav



1 8 1 1_57.wav
1 1 8 1_58.wav
1 7 2 1_59.wav
1 2 7 1_60.wav
1 6 3 1_61.wav
1 3 6 1_62.wav
1 5 4 1_63.wav
1 4 5 1_64.wav

2 8 5 2_01.wav
2 8 6 2_02.wav
2 8 7 2_03.wav
2 8 8 2_04.wav
2 7 8 2_05.wav
2 7 7 2_06.wav
2 7 6 2_07.wav
2 7 5 2_08.wav
2 6 5 2_09.wav
2 6 6 2_10.wav
2 6 7 2_11.wav
2 6 8 2_12.wav
2 5 8 2_13.wav
2 5 7 2_14.wav
2 5 6 2_15.wav
2 5 5 2_16.wav
2 1 8 2_17.wav
2 1 5 2_18.wav
2 1 7 2_19.wav
2 1 6 2_20.wav
2 3 8 2_21.wav
2 3 5 2_22.wav
2 3 7 2_23.wav
2 3 6 2_24.wav
2 2 5 2_25.wav
2 2 6 2_26.wav
2 2 7 2_27.wav
2 2 8 2_28.wav
2 4 5 2_29.wav
2 4 6 2_30.wav
2 4 7 2_31.wav
2 4 8 2_32.wav
2 2 2 2_41.wav
2 2 3 2_42.wav
2 2 4 2_43.wav
2 3 1 2_44.wav
2 3 2 2_45.wav
2 3 3 2_46.wav
2 5 1 clap.wav
2 8 1 clap.wav

3 5 5 3_01.wav
3 4 5 3_02.wav
3 5 6 3_03.wav
3 4 6 3_04.wav
3 5 8 3_05.wav
3 4 8 3_06.wav
3 5 7 3_07.wav
3 4 7 3_08.wav
3 3 8 3_09.wav
3 6 5 3_10.wav
3 6 8 3_11.wav
3 3 5 3_12.wav
3 7 5 3_13.wav
3 2 5 3_14.wav
3 7 6 3_15.wav
3 2 6 3_16.wav
3 7 8 3_17.wav
3 2 8 3_18.wav
3 7 7 3_19.wav
3 2 7 3_20.wav
3 3 7 3_21.wav
3 6 6 3_22.wav
3 3 6 3_23.wav
3 6 7 3_24.wav
3 5 1 clap.wav
3 8 1 kick.wav

4 5 5 4_01.wav
4 5 4 4_02.wav
4 4 4 4_03.wav
4 4 5 4_04.wav
4 6 6 4_05.wav
4 6 3 4_06.wav
4 3 3 4_07.wav
4 3 6 4_08.wav
4 8 1 4_11.wav
4 8 2 4_12.wav
4 3 1 4_13.wav
4 6 1 4_14.wav
4 3 8 4_15.wav
4 6 8 4_16.wav
4 2 1 4_17.wav
4 7 1 4_18.wav
4 2 8 4_19.wav
4 7 8 4_20.wav

5 4 5 5_01.wav
5 3 6 5_02.wav
5 3 7 5_03.wav
5 4 7 5_04.wav
5 4 8 5_05.wav
5 5 5 5_06.wav
5 6 6 5_07.wav
5 6 7 5_08.wav
5 5 7 5_09.wav
5 5 8 5_10.wav
5 8 8 5_11.wav
5 8 7 5_12.wav
5 8 6 5_13.wav
5 5 1 clap.wav
5 8 1 kick.wav