1 1 8 01.mp3
1 8 7 02.mp3
1 8 6 03.mp3
1 8 5 04.mp3
1 7 5 05.mp3
1 6 5 06.mp3
1 5 6 07.mp3
1 5 5 08.mp3
1 4 5 09.mp3
1 3 5 10.mp3
1 2 5 11.mp3
1 1 6 12.mp3
1 1 5 13.mp3

2 1 8 14.mp3
2 1 7 15.mp3
2 1 6 14.mp3
2 1 5 15.mp3
2 4 8 16.mp3
2 4 6 16.mp3
2 8 8 17.mp3
2 8 7 18.mp3
2 8 6 19.mp3
2 8 5 20.mp3
2 7 8 21.mp3
2 7 7 22.mp3
2 7 6 23.mp3
2 7 5 24.mp3
2 6 8 25.mp3
2 6 7 26.mp3
2 6 6 27.mp3
2 6 5 28.mp3
2 5 8 29.mp3
2 5 7 30.mp3
2 5 6 31.mp3

3 4 1 kick.wav
3 8 8 kick.wav
3 1 8 32.mp3
3 4 5 33.mp3
3 4 8 34.mp3
3 1 5 35.mp3
3 2 7 36.mp3
3 3 6 37.mp3
3 3 7 38.mp3
3 2 6 39.mp3
3 2 8 40.mp3
3 3 5 41.mp3
3 3 8 42.mp3
3 2 5 43.mp3
3 1 7 44.mp3
3 4 6 45.mp3
3 4 7 46.mp3
3 1 6 47.mp3
3 5 4 48.mp3
3 8 1 49.mp3
3 8 4 50.mp3
3 5 1 51.mp3
3 6 3 52.mp3
3 7 2 53.mp3
3 7 3 54.mp3
3 6 2 55.mp3
3 7 7 56.mp3
3 6 6 57.mp3
3 5 5 58.mp3
3 5 5 59.mp3

4 8 1 kick.wav
4 8 8 60.mp3
4 7 8 61.mp3
4 8 7 62.mp3
4 4 4 63.mp3
4 3 4 64.mp3
4 4 3 65.mp3
4 2 4 66.mp3
4 4 2 67.mp3
4 3 3 68.mp3

4 1 8 69.mp3
4 1 7 70.mp3
4 2 8 71.mp3
4 5 4 72.mp3
4 5 3 73.mp3
4 6 4 74.mp3
4 5 2 75.mp3
4 7 4 76.mp3
4 6 3 77.mp3

4 1 1 78.mp3
4 1 2 79.mp3
4 2 1 80.mp3
4 5 5 81.mp3
4 5 6 82.mp3
4 6 5 83.mp3
4 5 7 84.mp3
4 7 5 85.mp3
4 6 6 86.mp3

4 7 1 87.mp3
4 8 2 88.mp3
4 7 2 89.mp3
4 4 5 90.mp3
4 4 6 91.mp3
4 3 5 92.mp3
4 4 7 93.mp3
4 2 5 94.mp3
4 3 6 95.mp3
4 1 5 96.mp3
4 4 8 99.mp3

5 1 1 3_01.wav
5 1 8 3_02.wav
5 2 1 3_03.wav
5 2 8 3_04.wav
5 3 1 3_05.wav
5 3 8 3_06.wav
5 4 1 3_07.wav
5 4 8 3_08.wav
5 5 1 3_09.wav
5 5 8 3_10.wav
5 6 1 3_11.wav
5 6 8 3_12.wav
5 7 1 3_13.wav
5 7 8 3_14.wav
5 8 1 3_15.wav
5 8 8 3_16.wav

5 4 4 3_17.wav
5 5 5 3_18.wav
5 4 5 3_19.wav
5 5 4 3_20.wav
5 3 3 3_21.wav
5 6 6 3_22.wav
5 3 6 3_23.wav
5 6 3 3_24.wav
5 4 3 3_25.wav
5 5 6 3_26.wav
5 4 6 3_27.wav
5 5 3 3_28.wav
5 3 4 3_29.wav
5 6 5 3_30.wav
5 3 5 3_31.wav
5 6 4 3_32.wav
5 1 4 97.mp3
5 1 5 98.mp3

6 8 8 100.mp3
6 8 8 100.mp3
6 5 5 101.mp3
6 5 8 102.mp3
6 4 7 103.mp3
6 3 6 104.mp3
6 2 7 105.mp3
6 2 6 106.mp3
6 1 8 107.mp3
6 4 5 108.mp3
6 4 8 109.mp3
6 5 7 110.mp3
6 6 6 111.mp3
6 7 7 112.mp3
6 7 6 113.mp3
6 8 6 114.mp3
6 6 8 115.mp3
6 8 7 116.mp3
6 7 8 117.mp3
6 7 5 118.mp3
6 6 5 119.mp3
6 8 5 120.mp3
6 1 6 121.mp3
6 3 8 122.mp3
6 1 7 123.mp3
6 2 8 124.mp3
6 2 5 125.mp3
6 3 5 126.mp3
6 1 5 127.mp3
6 8 8 128.mp3