1 1 1 1_001.wav
1 3 1 1_004.wav
1 3 2 1_003.wav
1 3 3 1_002.wav
1 3 6 1_023.wav
1 4 1 1_007.wav
1 4 2 1_006.wav
1 4 3 1_005.wav
1 4 6 1_020.wav
1 4 7 1_021.wav
1 4 8 1_022.wav
1 5 1 1_010.wav
1 5 2 1_009.wav
1 5 3 1_008.wav
1 5 6 1_017.wav
1 5 7 1_018.wav
1 5 8 1_019.wav
1 6 1 1_013.wav
1 6 2 1_012.wav
1 6 3 1_011.wav
1 6 6 1_014.wav
1 6 7 1_015.wav
1 6 8 1_016.wav

2 1 1 2_041.wav
2 1 1 2_044.wav
2 1 2 2_038.wav
2 1 3 2_037.wav
2 1 3 2_040.wav
2 1 4 2_036.wav
2 1 4 2_039.wav
2 1 5 2_034.wav
2 1 6 2_027.wav
2 1 6 2_028.wav
2 1 7 2_026.wav
2 1 8 2_031.wav
2 2 1 2_042.wav
2 2 1 2_043.wav
2 2 1 2_045.wav
2 2 2 2_048.wav
2 2 2 2_050.wav
2 2 3 2_047.wav
2 2 3 2_049.wav
2 2 4 2_046.wav
2 2 5 2_032.wav
2 2 6 2_030.wav
2 2 7 2_029.wav
2 2 8 2_033.wav
2 2 8 2_035.wav
2 3 1 2_055.wav
2 3 1 2_057.wav
2 3 1 2_063.wav
2 3 1 2_065.wav
2 3 2 2_054.wav
2 3 2 2_062.wav
2 3 3 2_053.wav
2 3 3 2_061.wav
2 3 4 2_052.wav
2 3 4 2_059.wav
2 3 4 2_060.wav
2 3 5 2_022.wav
2 3 5 2_024.wav
2 3 6 2_021.wav
2 3 7 2_020.wav
2 3 8 2_019.wav
2 4 1 2_056.wav
2 4 1 2_058.wav
2 4 1 2_064.wav
2 4 1 2_066.wav
2 4 2 2_051.wav
2 4 5 2_023.wav
2 4 5 2_025.wav
2 4 6 2_016.wav
2 4 6 2_018.wav
2 4 7 2_015.wav
2 4 7 2_017.wav
2 4 8 2_014.wav
2 5 5 2_012.wav
2 5 6 2_011.wav
2 5 7 2_010.wav
2 6 5 2_009.wav
2 6 6 2_008.wav
2 6 7 2_007.wav
2 7 5 2_003.wav
2 7 6 2_002.wav
2 7 7 2_001.wav
2 8 1 beat_2.wav
2 8 5 2_013.wav
2 8 6 2_005.wav
2 8 7 2_004.wav
2 8 8 2_006.wav

3 1 3 3_010.wav
3 1 4 3_009.wav
3 1 5 3_008.wav
3 1 6 3_007.wav
3 1 7 3_006.wav
3 1 8 3_005.wav
3 2 3 3_020.wav
3 2 4 3_019.wav
3 2 5 3_018.wav
3 2 6 3_017.wav
3 2 7 3_016.wav
3 2 8 3_015.wav
3 3 3 3_030.wav
3 3 4 3_029.wav
3 3 5 3_028.wav
3 3 6 3_027.wav
3 3 7 3_026.wav
3 3 8 3_025.wav
3 4 4 3_037.wav
3 4 5 3_036.wav
3 4 5 3_038.wav
3 5 5 3_034.wav
3 5 6 3_024.wav
3 5 7 3_014.wav
3 5 8 3_004.wav
3 6 5 3_033.wav
3 6 6 3_023.wav
3 6 7 3_013.wav
3 6 8 3_003.wav
3 7 5 3_032.wav
3 7 6 3_022.wav
3 7 7 3_012.wav
3 7 8 3_002.wav
3 8 4 3_035.wav
3 8 5 3_031.wav
3 8 6 3_021.wav
3 8 7 3_011.wav
3 8 8 3_001.wav

4 1 6 4_018.wav
4 1 7 4_017.wav
4 1 8 4_016.wav
4 2 4 4_012.wav
4 2 5 4_011.wav
4 2 6 4_010.wav
4 2 7 4_014.wav
4 2 8 4_027.wav
4 3 4 4_009.wav
4 3 5 4_007.wav
4 3 5 4_008.wav
4 3 7 4_015.wav
4 3 8 4_006.wav
4 4 4 4_033.wav
4 4 6 4_005.wav
4 4 8 4_020.wav
4 5 1 beat4_002.wav
4 5 2 beat4_004.wav
4 5 3 4_032.wav
4 5 4 4_013.wav
4 5 5 4_019.wav
4 5 6 4_001.wav
4 5 7 4_004.wav
4 5 8 4_003.wav
4 6 3 4_031.wav
4 6 4 4_030.wav
4 6 6 4_025.wav
4 6 7 4_002.wav
4 6 8 4_026.wav
4 7 3 4_029.wav
4 7 4 4_028.wav
4 7 6 4_024.wav
4 7 7 4_022.wav
4 7 8 4_021.wav
4 8 1 beat4_001.wav
4 8 2 beat4_003.wav
4 8 6 4_023.wav

5 1 2 5_019.wav
5 1 3 5_020.wav
5 1 4 5_021.wav
5 1 5 5_027.wav
5 1 5 5_028.wav
5 1 5 5_029.wav
5 1 6 5_023.wav
5 1 6 5_024.wav
5 1 6 5_025.wav
5 1 6 5_026.wav
5 1 7 5_022.wav
5 2 2 5_038.wav
5 2 3 5_036.wav
5 2 3 5_037.wav
5 2 4 5_033.wav
5 2 4 5_034.wav
5 2 4 5_035.wav
5 2 5 5_032.wav
5 2 6 5_031.wav
5 2 7 5_030.wav
5 3 2 5_083.wav
5 3 3 5_076.wav
5 3 3 5_077.wav
5 3 3 5_078.wav
5 3 3 5_079.wav
5 3 3 5_080.wav
5 3 3 5_081.wav
5 3 3 5_082.wav
5 3 4 5_075.wav
5 3 5 5_063.wav
5 3 6 5_062.wav
5 3 7 5_061.wav
5 4 2 5_084.wav
5 4 3 5_085.wav
5 4 4 5_064.wav
5 4 4 5_065.wav
5 4 5 5_066.wav
5 4 5 5_067.wav
5 4 6 5_068.wav
5 4 6 5_069.wav
5 4 7 5_070.wav
5 4 7 5_071.wav
5 4 7 5_072.wav
5 4 7 5_073.wav
5 4 7 5_074.wav
5 5 2 5_042.wav
5 5 2 5_043.wav
5 5 3 5_044.wav
5 5 4 5_045.wav
5 5 4 5_046.wav
5 5 4 5_047.wav
5 5 5 5_048.wav
5 5 5 5_049.wav
5 5 6 5_059.wav
5 5 6 5_060.wav
5 5 7 5_053.wav
5 5 7 5_054.wav
5 5 7 5_055.wav
5 5 7 5_056.wav
5 5 7 5_057.wav
5 5 7 5_058.wav
5 6 2 5_039.wav
5 6 3 5_040.wav
5 6 4 5_041.wav
5 6 5 5_050.wav
5 6 6 5_051.wav
5 6 7 5_052.wav
5 7 2 5_017.wav
5 7 3 5_015.wav
5 7 4 5_011.wav
5 7 4 5_012.wav
5 7 5 5_013.wav
5 7 5 5_014.wav
5 7 6 5_016.wav
5 7 7 5_018.wav
5 8 2 5_001.wav
5 8 3 5_002.wav
5 8 4 5_003.wav
5 8 5 5_004.wav
5 8 5 5_005.wav
5 8 5 5_006.wav
5 8 6 5_007.wav
5 8 6 5_008.wav
5 8 6 5_009.wav
5 8 7 5_010.wav

