1 3 3 1.mp3
1 3 2 2.mp3
1 3 1 3.mp3
1 4 3 4.mp3
1 4 2 5.mp3
1 4 1 6.mp3
1 5 3 7.mp3
1 5 2 8.mp3
1 5 1 9.mp3
1 6 3 10.mp3
1 6 2 11.mp3
1 6 1 12.mp3
1 6 6 13.mp3
1 6 7 14.mp3
1 6 8 15.mp3
1 5 6 16.mp3
1 5 7 17.mp3
1 5 8 18.mp3
1 4 6 19.mp3
1 4 7 20.mp3
1 4 8 21.mp3
1 3 6 22.mp3

2 8 5 1a.mp3
2 7 5 2a.mp3
2 7 6 3a.mp3
2 7 7 4a.mp3
2 7 8 5a.mp3
2 8 8 6a.mp3
2 8 7 7a.mp3
2 8 6 8a.mp3
2 6 7 9a.mp3
2 6 6 10a.mp3
2 5 7 11a.mp3
2 5 6 12a.mp3
2 5 5 13a.mp3
2 5 8 14a.mp3
2 6 5 15a.mp3
2 6 8 16a.mp3
2 4 6 17a.mp3
2 4 7 18a.mp3
2 3 6 19a.mp3
2 3 7 20a.mp3
2 2 6 21a.mp3
2 2 7 22a.mp3
2 1 6 23a.mp3
2 1 7 24a.mp3
2 1 8 25a.mp3
2 3 8 26a.mp3
2 4 8 27a.mp3
2 4 5 28a.mp3
2 3 5 29a.mp3
2 2 5 30a.mp3
2 1 5 31a.mp3
2 2 8 32a.mp3
2 4 4 33a.mp3
2 4 3 34a.mp3
2 4 2 35a.mp3
2 4 1 36a.mp3
2 3 4 37a.mp3
2 3 3 38a.mp3
2 3 2 39a.mp3
2 2 3 40a.mp3
2 2 2 41a.mp3
2 2 4 42a.mp3
2 1 4 43a.mp3
2 1 3 44a.mp3
2 1 2 45a.mp3
2 1 1 46a.mp3
2 2 1 47a.mp3
2 3 1 48a.mp3
2 3 1 49a.mp3
2 5 4 50a.mp3
2 5 3 51a.mp3
2 5 2 52a.mp3
2 5 1 53a.mp3
2 6 1 54a.mp3
2 6 4 55a.mp3
2 6 1 56a.mp3
2 6 3 57a.mp3
2 6 3 58a.mp3
2 6 2 59a.mp3
2 7 3 60a.mp3
2 7 2 61a.mp3
2 8 3 62a.mp3
2 8 2 63a.mp3
2 8 4 64a.mp3
2 8 1 65a.mp3
2 7 4 66a.mp3
2 7 1 67a.mp3
2 7 1 68a.mp3

3 7 7 23.mp3
3 7 6 24.mp3
3 7 5 25.mp3
3 8 7 26.mp3
3 8 6 27.mp3
3 8 8 28.mp3
3 6 7 29.mp3
3 6 6 30.mp3
3 6 5 31.mp3
3 5 7 32.mp3
3 5 6 33.mp3
3 5 5 34.mp3
3 8 5 35.mp3
3 4 8 36.mp3
3 4 7 37.mp3
3 4 6 38.mp3
3 4 7 39.mp3
3 4 6 40.mp3
3 3 8 41.mp3
3 3 7 42.mp3
3 3 6 43.mp3
3 3 5 44.mp3
3 4 5 45.mp3
3 3 5 46.mp3
3 4 5 47.mp3
3 1 7 48.mp3
3 1 6 49.mp3
3 1 6 50.mp3
3 2 7 51.mp3
3 2 6 52.mp3
3 1 8 53.mp3
3 2 5 54.mp3
3 2 8 55.mp3
3 1 5 56.mp3
3 2 8 57.mp3
3 1 4 58.mp3
3 1 3 59.mp3
3 1 2 60.mp3
3 1 4 61.mp3
3 1 3 62.mp3
3 1 1 63.mp3
3 2 1 64.mp3
3 2 1 65.mp3
3 1 1 66.mp3
3 2 1 67.mp3
3 2 4 68.mp3
3 2 3 69.mp3
3 2 2 70.mp3
3 2 3 71.mp3
3 2 2 72.mp3
3 4 2 73.mp3
3 3 4 74.mp3
3 3 3 75.mp3
3 3 2 76.mp3
3 3 1 77.mp3
3 4 1 78.mp3
3 3 1 79.mp3
3 4 1 80.mp3
3 3 4 81.mp3
3 3 4 82.mp3
3 3 3 83.mp3
3 3 2 84.mp3
3 3 1 85.mp3
3 4 1 86.mp3
3 3 1 87.mp3
3 4 1 88.mp3

4 8 2 1b.mp3
4 8 3 2b.mp3
4 8 4 3b.mp3
4 8 5 4b.mp3
4 8 6 5b.mp3
4 8 7 6b.mp3
4 7 4 7b.mp3
4 7 5 8b.mp3
4 7 3 9b.mp3
4 7 6 10b.mp3
4 7 2 11b.mp3
4 7 7 12b.mp3
4 1 2 13b.mp3
4 1 3 14b.mp3
4 1 4 15b.mp3
4 1 7 16b.mp3
4 1 6 17b.mp3
4 1 5 18b.mp3
4 2 7 19b.mp3
4 2 6 20b.mp3
4 2 5 21b.mp3
4 2 4 22b.mp3
4 2 3 23b.mp3
4 2 2 24b.mp3
4 6 2 25b.mp3
4 6 3 26b.mp3
4 6 4 27b.mp3
4 5 2 28b.mp3
4 5 3 29b.mp3
4 5 4 30b.mp3
4 6 7 31b.mp3
4 6 6 32b.mp3
4 6 5 33b.mp3
4 5 7 34b.mp3
4 5 6 35b.mp3
4 5 5 36b.mp3
4 4 4 37b.mp3
4 4 5 38b.mp3
4 3 2 39b.mp3
4 4 2 40b.mp3
4 4 3 41b.mp3
4 3 3 42b.mp3
4 3 4 43b.mp3
4 3 5 44b.mp3
4 3 6 45b.mp3
4 4 6 46b.mp3
4 4 7 47b.mp3
4 3 7 48b.mp3

5 8 8 89.mp3
5 7 8 90.mp3
5 6 8 91.mp3
5 5 8 92.mp3
5 1 8 93.mp3
5 1 7 94.mp3
5 1 6 95.mp3
5 1 5 96.mp3
5 1 4 97.mp3
5 1 3 98.mp3
5 8 7 99.mp3
5 7 7 100.mp3
5 6 7 101.mp3
5 5 7 102.mp3
5 2 8 103.mp3
5 2 7 104.mp3
5 2 6 105.mp3
5 2 5 106.mp3
5 2 4 107.mp3
5 2 3 108.mp3
5 8 6 109.mp3
5 7 6 110.mp3
5 6 6 111.mp3
5 5 6 112.mp3
5 3 8 113.mp3
5 3 7 114.mp3
5 3 6 115.mp3
5 3 5 116.mp3
5 3 4 117.mp3
5 3 3 118.mp3
5 8 5 119.mp3
5 7 5 120.mp3
5 6 5 121.mp3
5 5 5 122.mp3
5 8 4 123.mp3
5 4 5 124.mp3
5 4 4 125.mp3
5 4 5 126.mp3
5 4 5 LEAAAZ.mp3
5 5 1 1c.mp3
5 5 2 2c.mp3
5 6 1 3c.mp3
5 6 2 4c.mp3
5 7 1 5c.mp3
5 7 2 6c.mp3
5 8 1 7c.mp3
5 8 2 8c.mp3
5 5 1 9c.mp3
5 5 2 10c.mp3
5 6 1 11c.mp3
5 6 2 12c.mp3
5 7 1 13c.mp3
5 7 2 14c.mp3
5 8 1 15c.mp3
5 8 2 16c.mp3









