245,245,245
118,146,169
155,193,221
200,218,245
219,101,137
191,10,19
165,4,15
105,14,20
209,204,198
199,73,1
222,92,0
134,44,11
213,189,102
216,229,23
159,196,0
98,129,2
131,239,124
134,255,90
29,204,6
15,143,11
107,239,181
0,216,42
0,155,15
0,85,14
79,213,158
22,237,131
0,192,57
1,126,16
93,224,175
17,213,167
12,208,152
0,146,106
99,218,224
66,222,227
15,201,201
0,171,156
148,229,255
133,228,255
33,175,254
0,136,221
152,222,255
92,195,255
19,144,255
0,94,195
99,156,255
53,124,255
26,97,247
1,56,189
130,145,255
86,128,255
59,91,244
21,49,183
208,182,255
204,142,255
175,102,250
109,56,175
214,145,200
203,49,164
154,23,112
106,15,62
209,24,26
157,67,7
123,121,0
45,83,12
1,106,14
0,142,96
3,95,229
48,121,255
0,135,204
45,99,247
144,184,224
50,79,111
218,21,33
160,241,100
174,238,15
112,255,49
7,236,53
106,236,225
131,226,255
72,170,255
82,141,255
144,144,255
183,121,221
81,54,22
225,103,11
127,219,13
134,255,101
61,255,135
119,255,166
129,241,216
161,243,255
147,210,255
105,189,255
117,157,255
178,144,255
217,80,221
217,129,9
170,190,3
120,250,18
128,156,3
105,94,6
1,196,82
17,186,151
43,83,167
41,111,235
176,140,120
198,12,21
218,135,128
229,165,90
222,236,122
196,255,153
128,255,60
48,92,187
225,243,229
183,252,251
176,213,255
174,213,255
107,132,166
171,197,240
211,237,255
189,13,27
101,9,14
31,253,86
0,142,28
172,195,4
101,106,5
193,160,0
148,52,9
5,5,5