1 5 4 1.mp3
1 5 5 2.mp3
1 1 1 3.mp3
1 1 8 4.mp3
1 2 2 5.mp3
1 2 7 6.mp3
1 3 3 7.mp3
1 3 6 8.mp3
1 4 4 9.mp3
1 4 5 10.mp3
1 5 3 11.mp3
1 5 6 12.mp3
1 6 2 13.mp3
1 6 7 14.mp3
1 7 1 15(2).mp3
1 7 8 16(2).mp3
1 8 1 17(2).mp3
1 8 8 18(2).mp3
1 8 2 19(2).mp3
1 8 7 20(2).mp3
1 8 3 21(2).mp3
1 8 6 22(2).mp3

2 3 3 23(2).mp3
2 3 4 24(2).mp3
2 3 5 25(2).mp3
2 3 6 26(2).mp3
2 4 6 27(2).mp3
2 5 6 28(2).mp3
2 6 6 29(2).mp3
2 6 5 30(2).mp3
2 6 4 31(2).mp3
2 6 3 32(2).mp3
2 5 3 33.mp3
2 4 3 34.mp3
2 4 4 35.mp3
2 4 5 36.mp3
2 5 4 37.mp3
2 5 5 38.mp3
2 1 1 39.mp3
2 1 8 40.mp3
2 2 1 41.mp3
2 2 8 42.mp3

3 3 7 15(2).mp3
3 6 2 16(2).mp3
3 6 7 17(2).mp3
3 3 2 18(2).mp3
3 4 5 19(2).mp3
3 5 4 20(2).mp3
3 4 4 21(2).mp3
3 5 5 22(2).mp3

4 1 5 23(2).mp3
4 5 1 24(2).mp3
4 2 6 25(2).mp3
4 3 7 26(2).mp3
4 8 1 27(2).mp3
4 4 8 28(2).mp3
4 5 8 29(2).mp3
4 6 7 30(2).mp3
4 7 6 31(2).mp3
4 8 5 32(2).mp3
4 1 4 43(2).mp3
4 2 3 44(2).mp3
4 3 2 45(2).mp3
4 4 1 46(2).mp3
4 5 2 47(2).mp3